SPAM
info_KL_cum_1_1: 0.13649746717093705
gain: 0.13709331186730522
info_KL_add_1_1: 0.13448612076064886
info_KL_add_1_10: 0.13307554340578948
info_KL_real_add_1_10: 0.13247376292566787

