KL_5000_100.0: 0.0293017185554138
KL_5000_0.0: 0.02989716317040829
KL_5000_1.0: 0.0284743677603838
KL_5000_10.0: 0.029907762392380993
info_5000_10.0: 0.028323409578446125
info_5000_1.0: 0.029212101105537673
info_5000_0.1: 0.03038112573446653
info_5000_100.0: 0.03197630074842144
info_5000_0.05: 0.030832243145050457
info_5000_0.05: 0.02861699962533456
info_5000_0.05: 0.030274216354345067
info_KL_5000_0.05: 0.029569152480841968
info_KL_5000_cum_0.05: 0.027588680260090453
info_KL_5000_cum_0.05: 0.02860728099742421
info_KL_5000_cum_0.05: 0.02892104650104226
info_KL_5000_cum_0.05: 0.029276389535933516
info_KL_5000_cum_0.05: 0.027240598774711584
info_KL_5000_cum_0.05: 0.020055357406846906
